Theta	sTheta	L	sL	rho	srho	beta	sbeta	delta	sdelta
48	0.7071067812	368.0333333	0.7123903424	200	2	0.969374	0.0513823	1.01189	0.0149693
52	0.7071067812	368.0333333	0.7123903424	220	2	0.969374	0.0513823	1.01189	0.0149693
58	0.7071067812	368.0333333	0.7123903424	240	2	0.969374	0.0513823	1.01189	0.0149693
63	0.7071067812	368.0333333	0.7123903424	260	2	0.969374	0.0513823	1.01189	0.0149693
66	0.7071067812	368.0333333	0.7123903424	280	2	0.969374	0.0513823	1.01189	0.0149693
72	0.7071067812	368.0333333	0.7123903424	300	2	0.969374	0.0513823	1.01189	0.0149693
77	0.7071067812	368.0333333	0.7123903424	320	2	0.969374	0.0513823	1.01189	0.0149693
84	0.7071067812	368.0333333	0.7123903424	340	2	0.969374	0.0513823	1.01189	0.0149693
87	0.7071067812	368.0333333	0.7123903424	360	2	0.969374	0.0513823	1.01189	0.0149693
91	0.7071067812	368.0333333	0.7123903424	380	2	0.969374	0.0513823	1.01189	0.0149693
96	0.7071067812	368.0333333	0.7123903424	400	2	0.969374	0.0513823	1.01189	0.0149693
0	0.7071067812	0	0	200	0	0.969374	0.0513823	1.01189	0.0149693
9	0.7071067812	74.54	0.1424780685	200	0	0.969374	0.0513823	1.01189	0.0149693
17	0.7071067812	149.08	0.284956137	200	0	0.969374	0.0513823	1.01189	0.0149693
23	0.7071067812	223.62	0.4274342055	200	0	0.969374	0.0513823	1.01189	0.0149693
31	0.7071067812	298.16	0.569912274	200	0	0.969374	0.0513823	1.01189	0.0149693
40	0.7071067812	372.7	0.7123903424	200	0	0.969374	0.0513823	1.01189	0.0149693
